   0.0000000e+00   4.5876790e+01
   9.9840000e-04   4.6077420e+01
   1.9968000e-03   4.5841978e+01
   2.9952000e-03   4.6038952e+01
   3.9936000e-03   4.5902923e+01
   4.9920000e-03   4.5897899e+01
   5.9904000e-03   4.7949138e+01
   6.9888000e-03   5.4607904e+01
   7.9872000e-03   6.2907607e+01
   8.9856000e-03   7.7626704e+01
   9.9840000e-03   8.5804666e+01
   1.0982400e-02   7.1097627e+01
   1.1980800e-02   7.9224203e+01
   1.2979200e-02   9.1769227e+01
   1.3977600e-02   9.5178740e+01
   1.4976000e-02   9.7420080e+01
   1.5974400e-02   9.8737194e+01
   1.6972800e-02   9.8699913e+01
   1.7971200e-02   9.8050132e+01
   1.8969600e-02   9.7101749e+01
   1.9968000e-02   9.5402034e+01
   2.0966400e-02   9.3374912e+01
   2.1964800e-02   9.0400962e+01
   2.2963200e-02   8.7325325e+01
   2.3961600e-02   8.3353821e+01
   2.4960000e-02   7.9247581e+01
   2.5958400e-02   7.4810036e+01
   2.6956800e-02   7.0379598e+01
   2.7955200e-02   6.6845461e+01
   2.8953600e-02   6.3701332e+01
   2.9952000e-02   6.0908241e+01
   3.0950400e-02   5.9818713e+01
   3.1948800e-02   5.9338946e+01
   3.2947200e-02   5.9743005e+01
   3.3945600e-02   6.0609600e+01
   3.4944000e-02   6.2181302e+01
   3.5942400e-02   6.4373482e+01
   3.6940800e-02   6.6795256e+01
   3.7939200e-02   6.9682142e+01
   3.8937600e-02   7.3007390e+01
   3.9936000e-02   7.6285794e+01
   4.0934400e-02   7.9129819e+01
   4.1932800e-02   8.1415233e+01
   4.2931200e-02   8.2895448e+01
   4.3929600e-02   8.3617484e+01
   4.4928000e-02   8.3685520e+01
   4.5926400e-02   8.2919607e+01
   4.6924800e-02   8.1784541e+01
   4.7923200e-02   8.0276806e+01
   4.8921600e-02   7.7497038e+01
   4.9920000e-02   7.5092251e+01
   5.0918400e-02   7.2276122e+01
   5.1916800e-02   7.0047387e+01
   5.2915200e-02   6.8113680e+01
   5.3913600e-02   6.6651979e+01
   5.4912000e-02   6.6102245e+01
   5.5910400e-02   6.5959838e+01
   5.6908800e-02   6.6717838e+01
   5.7907200e-02   6.7884075e+01
   5.8905600e-02   6.9198682e+01
   5.9904000e-02   7.1364503e+01
   6.0902400e-02   7.3068052e+01
   6.1900800e-02   7.5318518e+01
   6.2899200e-02   7.6956404e+01
   6.3897600e-02   7.8184738e+01
   6.4896000e-02   7.9352917e+01
   6.5894400e-02   7.9594997e+01
   6.6892800e-02   7.9648895e+01
   6.7891200e-02   7.8948271e+01
   6.8889600e-02   7.8096781e+01
   6.9888000e-02   7.6634737e+01
   7.0886400e-02   7.5071553e+01
   7.1884800e-02   7.3457594e+01
   7.2883200e-02   7.1622092e+01
   7.3881600e-02   7.0443688e+01
   7.4880000e-02   6.9377348e+01
   7.5878400e-02   6.8938756e+01
   7.6876800e-02   6.9033298e+01
   7.7875200e-02   6.9409646e+01
   7.8873600e-02   7.0321582e+01
   7.9872000e-02   7.1311938e+01
   8.0870400e-02   7.2672301e+01
   8.1868800e-02   7.4085169e+01
   8.2867200e-02   7.5087625e+01
   8.3865600e-02   7.6473122e+01
   8.4864000e-02   7.7109827e+01
   8.5862400e-02   7.7756820e+01
   8.6860800e-02   7.7800047e+01
   8.7859200e-02   7.7519466e+01
   8.8857600e-02   7.6850859e+01
   8.9856000e-02   7.5937460e+01
   9.0854400e-02   7.4980094e+01
   9.1852800e-02   7.3545154e+01
   9.2851200e-02   7.2440018e+01
   9.3849600e-02   7.1506342e+01
   9.4848000e-02   7.0880742e+01
   9.5846400e-02   7.0471605e+01
   9.6844800e-02   7.0354859e+01
   9.7843200e-02   7.0510881e+01
   9.8841600e-02   7.1026678e+01
   9.9840000e-02   7.1877713e+01
   1.0083840e-01   7.2659936e+01
   1.0183680e-01   7.3689787e+01
   1.0283520e-01   7.4545628e+01
   1.0383360e-01   7.5474865e+01
   1.0483200e-01   7.6199654e+01
   1.0583040e-01   7.6525888e+01
   1.0682880e-01   7.6717091e+01
   1.0782720e-01   7.6364767e+01
   1.0882560e-01   7.6071539e+01
   1.0982400e-01   7.5420488e+01
   1.1082240e-01   7.4566754e+01
   1.1182080e-01   7.3855598e+01
   1.1281920e-01   7.2770845e+01
   1.1381760e-01   7.2173559e+01
   1.1481600e-01   7.1471748e+01
   1.1581440e-01   7.1217712e+01
   1.1681280e-01   7.1147028e+01
   1.1781120e-01   7.1274054e+01
   1.1880960e-01   7.1799110e+01
   1.1980800e-01   7.2344067e+01
   1.2080640e-01   7.3247712e+01
   1.2180480e-01   7.3992441e+01
   1.2280320e-01   7.4840619e+01
   1.2380160e-01   7.5227786e+01
   1.2480000e-01   7.5963361e+01
   1.2579840e-01   7.6087241e+01
   1.2679680e-01   7.6068178e+01
   1.2779520e-01   7.5913614e+01
   1.2879360e-01   7.5298940e+01
   1.2979200e-01   7.4898324e+01
   1.3079040e-01   7.3882307e+01
   1.3178880e-01   7.3325892e+01
   1.3278720e-01   7.2631999e+01
   1.3378560e-01   7.2180686e+01
   1.3478400e-01   7.1936215e+01
   1.3578240e-01   7.1613610e+01
   1.3678080e-01   7.1939635e+01
   1.3777920e-01   7.2060740e+01
   1.3877760e-01   7.2676350e+01
   1.3977600e-01   7.3188736e+01
   1.4077440e-01   7.3714165e+01
   1.4177280e-01   7.4303190e+01
   1.4277120e-01   7.4712095e+01
   1.4376960e-01   7.5422061e+01
   1.4476800e-01   7.5537116e+01
   1.4576640e-01   7.5676381e+01
   1.4676480e-01   7.5480070e+01
   1.4776320e-01   7.5076611e+01
   1.4876160e-01   7.4655559e+01
   1.4976000e-01   7.4098334e+01
   1.5075840e-01   7.3457803e+01
   1.5175680e-01   7.2991181e+01
   1.5275520e-01   7.2595985e+01
   1.5375360e-01   7.2350522e+01
   1.5475200e-01   7.2224795e+01
   1.5575040e-01   7.2228705e+01
   1.5674880e-01   7.2481603e+01
   1.5774720e-01   7.2872284e+01
   1.5874560e-01   7.3272912e+01
   1.5974400e-01   7.3900492e+01
   1.6074240e-01   7.4474550e+01
   1.6174080e-01   7.4681393e+01
   1.6273920e-01   7.4884688e+01
   1.6373760e-01   7.5182781e+01
   1.6473600e-01   7.5120874e+01
   1.6573440e-01   7.4923781e+01
   1.6673280e-01   7.4873813e+01
   1.6773120e-01   7.4455688e+01
   1.6872960e-01   7.3998481e+01
   1.6972800e-01   7.3550840e+01
   1.7072640e-01   7.2974080e+01
   1.7172480e-01   7.2802284e+01
   1.7272320e-01   7.2273157e+01
   1.7372160e-01   7.2272638e+01
   1.7472000e-01   7.2291591e+01
   1.7571840e-01   7.2496350e+01
   1.7671680e-01   7.2895580e+01
   1.7771520e-01   7.3334283e+01
   1.7871360e-01   7.4007458e+01
   1.7971200e-01   7.4424576e+01
   1.8071040e-01   7.4954396e+01
   1.8170880e-01   7.4984912e+01
   1.8270720e-01   7.5310495e+01
   1.8370560e-01   7.5167847e+01
   1.8470400e-01   7.5138631e+01
   1.8570240e-01   7.4864743e+01
   1.8670080e-01   7.4559270e+01
   1.8769920e-01   7.4104493e+01
   1.8869760e-01   7.3508899e+01
   1.8969600e-01   7.3247978e+01
   1.9069440e-01   7.2594563e+01
   1.9169280e-01   7.2606737e+01
   1.9269120e-01   7.2329171e+01
   1.9368960e-01   7.2263895e+01
   1.9468800e-01   7.2407848e+01
   1.9568640e-01   7.2598095e+01
   1.9668480e-01   7.3144524e+01
   1.9768320e-01   7.3582058e+01
   1.9868160e-01   7.4307552e+01
   1.9968000e-01   7.4686042e+01
   2.0067840e-01   7.4983037e+01
   2.0167680e-01   7.5259499e+01
   2.0267520e-01   7.5340185e+01
   2.0367360e-01   7.5137837e+01
   2.0467200e-01   7.5101832e+01
   2.0567040e-01   7.4648795e+01
   2.0666880e-01   7.4103908e+01
   2.0766720e-01   7.3702281e+01
   2.0866560e-01   7.3205985e+01
   2.0966400e-01   7.2773814e+01
   2.1066240e-01   7.2649733e+01
   2.1166080e-01   7.2517291e+01
   2.1265920e-01   7.2417312e+01
   2.1365760e-01   7.2822190e+01
   2.1465600e-01   7.2936682e+01
   2.1565440e-01   7.3247548e+01
   2.1665280e-01   7.3611769e+01
   2.1765120e-01   7.4133104e+01
   2.1864960e-01   7.4619913e+01
   2.1964800e-01   7.4631695e+01
   2.2064640e-01   7.4889371e+01
   2.2164480e-01   7.4981989e+01
   2.2264320e-01   7.4914866e+01
   2.2364160e-01   7.4711347e+01
   2.2464000e-01   7.4421253e+01
   2.2563840e-01   7.4057156e+01
   2.2663680e-01   7.3452989e+01
   2.2763520e-01   7.3239342e+01
   2.2863360e-01   7.2945844e+01
   2.2963200e-01   7.2833834e+01
   2.3063040e-01   7.2756070e+01
   2.3162880e-01   7.2842755e+01
   2.3262720e-01   7.3000528e+01
   2.3362560e-01   7.3263585e+01
   2.3462400e-01   7.3639377e+01
   2.3562240e-01   7.3736890e+01
   2.3662080e-01   7.4164675e+01
   2.3761920e-01   7.4150247e+01
   2.3861760e-01   7.4493085e+01
   2.3961600e-01   7.4636534e+01
   2.4061440e-01   7.4661136e+01
   2.4161280e-01   7.4639504e+01
   2.4261120e-01   7.4364746e+01
   2.4360960e-01   7.4264891e+01
   2.4460800e-01   7.4031957e+01
   2.4560640e-01   7.3882975e+01
   2.4660480e-01   7.3611505e+01
   2.4760320e-01   7.3466056e+01
   2.4860160e-01   7.3344090e+01
   2.4960000e-01   7.3153919e+01
   2.5059840e-01   7.3069777e+01
   2.5159680e-01   7.2937012e+01
   2.5259520e-01   7.3141184e+01
   2.5359360e-01   7.3207630e+01
   2.5459200e-01   7.3703996e+01
   2.5559040e-01   7.3654734e+01
   2.5658880e-01   7.4198215e+01
   2.5758720e-01   7.4050911e+01
   2.5858560e-01   7.4336931e+01
   2.5958400e-01   7.4598930e+01
   2.6058240e-01   7.4700625e+01
   2.6158080e-01   7.4803431e+01
   2.6257920e-01   7.4374939e+01
   2.6357760e-01   7.4420237e+01
   2.6457600e-01   7.4067180e+01
   2.6557440e-01   7.3969282e+01
   2.6657280e-01   7.3667889e+01
   2.6757120e-01   7.3574489e+01
   2.6856960e-01   7.3310652e+01
   2.6956800e-01   7.3167796e+01
   2.7056640e-01   7.2956514e+01
   2.7156480e-01   7.2876993e+01
   2.7256320e-01   7.3079661e+01
   2.7356160e-01   7.3136681e+01
   2.7456000e-01   7.3550933e+01
   2.7555840e-01   7.3486731e+01
   2.7655680e-01   7.3839522e+01
   2.7755520e-01   7.3961082e+01
   2.7855360e-01   7.4147798e+01
   2.7955200e-01   7.4555367e+01
   2.8055040e-01   7.4472251e+01
   2.8154880e-01   7.4700165e+01
   2.8254720e-01   7.4437015e+01
   2.8354560e-01   7.4373982e+01
   2.8454400e-01   7.4214274e+01
   2.8554240e-01   7.3906201e+01
   2.8654080e-01   7.3944981e+01
   2.8753920e-01   7.3722423e+01
   2.8853760e-01   7.3588208e+01
   2.8953600e-01   7.3340732e+01
   2.9053440e-01   7.3138793e+01
   2.9153280e-01   7.3080361e+01
   2.9253120e-01   7.3165682e+01
   2.9352960e-01   7.3192692e+01
   2.9452800e-01   7.3442734e+01
   2.9552640e-01   7.3609686e+01
   2.9652480e-01   7.3734334e+01
   2.9752320e-01   7.4056277e+01
   2.9852160e-01   7.4039329e+01
   2.9952000e-01   7.4472430e+01
   3.0051840e-01   7.4577736e+01
   3.0151680e-01   7.4646683e+01
   3.0251520e-01   7.4641728e+01
   3.0351360e-01   7.4379385e+01
   3.0451200e-01   7.4368500e+01
   3.0551040e-01   7.4152515e+01
   3.0650880e-01   7.3891971e+01
   3.0750720e-01   7.3676542e+01
   3.0850560e-01   7.3107544e+01
   3.0950400e-01   7.3039599e+01
   3.1050240e-01   7.2857867e+01
   3.1150080e-01   7.2683724e+01
   3.1249920e-01   7.2859150e+01
   3.1349760e-01   7.2768454e+01
   3.1449600e-01   7.3302435e+01
   3.1549440e-01   7.3349771e+01
   3.1649280e-01   7.3837799e+01
   3.1749120e-01   7.4136916e+01
   3.1848960e-01   7.4153015e+01
   3.1948800e-01   7.4523780e+01
   3.2048640e-01   7.4505370e+01
   3.2148480e-01   7.4713345e+01
   3.2248320e-01   7.4878919e+01
   3.2348160e-01   7.4595371e+01
   3.2448000e-01   7.4564518e+01
   3.2547840e-01   7.4360482e+01
   3.2647680e-01   7.4108732e+01
   3.2747520e-01   7.4052405e+01
   3.2847360e-01   7.3562942e+01
   3.2947200e-01   7.3450600e+01
   3.3047040e-01   7.3372340e+01
   3.3146880e-01   7.3060922e+01
   3.3246720e-01   7.3052570e+01
   3.3346560e-01   7.2703067e+01
   3.3446400e-01   7.3002495e+01
   3.3546240e-01   7.3214379e+01
   3.3646080e-01   7.3092044e+01
   3.3745920e-01   7.3603052e+01
   3.3845760e-01   7.3677224e+01
   3.3945600e-01   7.3776028e+01
   3.4045440e-01   7.4151522e+01
   3.4145280e-01   7.4099069e+01
   3.4245120e-01   7.4467430e+01
   3.4344960e-01   7.4395792e+01
   3.4444800e-01   7.4530993e+01
   3.4544640e-01   7.4607336e+01
   3.4644480e-01   7.4315801e+01
   3.4744320e-01   7.4332601e+01
   3.4844160e-01   7.3945900e+01
   3.4944000e-01   7.3870602e+01
   3.5043840e-01   7.3787323e+01
   3.5143680e-01   7.3510299e+01
   3.5243520e-01   7.3542810e+01
   3.5343360e-01   7.3256196e+01
   3.5443200e-01   7.3319508e+01
   3.5543040e-01   7.3212958e+01
   3.5642880e-01   7.3080962e+01
   3.5742720e-01   7.3553305e+01
   3.5842560e-01   7.3457900e+01
   3.5942400e-01   7.3786202e+01
   3.6042240e-01   7.3945130e+01
   3.6142080e-01   7.3988756e+01
   3.6241920e-01   7.4366733e+01
   3.6341760e-01   7.4092619e+01
   3.6441600e-01   7.4366058e+01
   3.6541440e-01   7.4078927e+01
   3.6641280e-01   7.3915579e+01
   3.6741120e-01   7.3824187e+01
   3.6840960e-01   7.3515947e+01
   3.6940800e-01   7.3601129e+01
   3.7040640e-01   7.3327929e+01
   3.7140480e-01   7.3406196e+01
   3.7240320e-01   7.3333491e+01
   3.7340160e-01   7.3310399e+01
   3.7440000e-01   7.3641174e+01
   3.7539840e-01   7.3800335e+01
   3.7639680e-01   7.3973339e+01
   3.7739520e-01   7.4194239e+01
   3.7839360e-01   7.4424929e+01
   3.7939200e-01   7.4271670e+01
   3.8039040e-01   7.4256105e+01
   3.8138880e-01   7.4142375e+01
   3.8238720e-01   7.3937905e+01
   3.8338560e-01   7.3789969e+01
   3.8438400e-01   7.3602826e+01
   3.8538240e-01   7.3475680e+01
   3.8638080e-01   7.3336739e+01
   3.8737920e-01   7.3112412e+01
   3.8837760e-01   7.3188868e+01
   3.8937600e-01   7.3251928e+01
   3.9037440e-01   7.3390947e+01
   3.9137280e-01   7.3603155e+01
   3.9237120e-01   7.3783385e+01
   3.9336960e-01   7.4028185e+01
   3.9436800e-01   7.4212429e+01
   3.9536640e-01   7.4420227e+01
   3.9636480e-01   7.4439993e+01
   3.9736320e-01   7.4502346e+01
   3.9836160e-01   7.4208953e+01
   3.9936000e-01   7.4177830e+01
   4.0035840e-01   7.4111002e+01
   4.0135680e-01   7.3954827e+01
   4.0235520e-01   7.3828397e+01
   4.0335360e-01   7.3602377e+01
   4.0435200e-01   7.3497064e+01
   4.0535040e-01   7.3296982e+01
   4.0634880e-01   7.3151679e+01
   4.0734720e-01   7.2966609e+01
   4.0834560e-01   7.2985203e+01
   4.0934400e-01   7.3180254e+01
   4.1034240e-01   7.3438223e+01
   4.1134080e-01   7.3533431e+01
   4.1233920e-01   7.3836750e+01
   4.1333760e-01   7.4045827e+01
   4.1433600e-01   7.4263055e+01
   4.1533440e-01   7.4463811e+01
   4.1633280e-01   7.4588384e+01
   4.1733120e-01   7.4762458e+01
   4.1832960e-01   7.4629317e+01
   4.1932800e-01   7.4518759e+01
   4.2032640e-01   7.4451942e+01
   4.2132480e-01   7.4297126e+01
   4.2232320e-01   7.4194095e+01
   4.2332160e-01   7.3966459e+01
   4.2432000e-01   7.3769151e+01
   4.2531840e-01   7.3370256e+01
   4.2631680e-01   7.3312523e+01
   4.2731520e-01   7.3092476e+01
   4.2831360e-01   7.2902136e+01
   4.2931200e-01   7.2949558e+01
   4.3031040e-01   7.3038809e+01
   4.3130880e-01   7.3227963e+01
   4.3230720e-01   7.3278131e+01
   4.3330560e-01   7.3434567e+01
   4.3430400e-01   7.3772115e+01
   4.3530240e-01   7.3811329e+01
   4.3630080e-01   7.4094549e+01
   4.3729920e-01   7.4240208e+01
   4.3829760e-01   7.4329504e+01
   4.3929600e-01   7.4658222e+01
   4.4029440e-01   7.4448056e+01
   4.4129280e-01   7.4351997e+01
   4.4229120e-01   7.4314239e+01
   4.4328960e-01   7.3961062e+01
   4.4428800e-01   7.4048513e+01
   4.4528640e-01   7.3751173e+01
   4.4628480e-01   7.3675445e+01
   4.4728320e-01   7.3614681e+01
   4.4828160e-01   7.3339432e+01
   4.4928000e-01   7.3337737e+01
   4.5027840e-01   7.3119495e+01
   4.5127680e-01   7.3178307e+01
   4.5227520e-01   7.3272645e+01
   4.5327360e-01   7.3403598e+01
   4.5427200e-01   7.3676971e+01
   4.5527040e-01   7.3718128e+01
   4.5626880e-01   7.3964958e+01
   4.5726720e-01   7.4131404e+01
   4.5826560e-01   7.4285477e+01
   4.5926400e-01   7.4433425e+01
   4.6026240e-01   7.4325546e+01
   4.6126080e-01   7.4200303e+01
   4.6225920e-01   7.4095333e+01
   4.6325760e-01   7.3912429e+01
   4.6425600e-01   7.4030176e+01
   4.6525440e-01   7.3653418e+01
   4.6625280e-01   7.3738438e+01
   4.6725120e-01   7.3546178e+01
   4.6824960e-01   7.3301357e+01
   4.6924800e-01   7.3357259e+01
   4.7024640e-01   7.3144956e+01
   4.7124480e-01   7.3475079e+01
   4.7224320e-01   7.3618414e+01
   4.7324160e-01   7.3846399e+01
   4.7424000e-01   7.4033165e+01
   4.7523840e-01   7.4182879e+01
   4.7623680e-01   7.4389788e+01
   4.7723520e-01   7.4249154e+01
   4.7823360e-01   7.4057907e+01
   4.7923200e-01   7.4180534e+01
   4.8023040e-01   7.3630057e+01
   4.8122880e-01   7.3778512e+01
   4.8222720e-01   7.3422837e+01
   4.8322560e-01   7.3274233e+01
   4.8422400e-01   7.3317268e+01
   4.8522240e-01   7.3111371e+01
   4.8622080e-01   7.3401696e+01
   4.8721920e-01   7.3487557e+01
   4.8821760e-01   7.3842651e+01
   4.8921600e-01   7.4024951e+01
   4.9021440e-01   7.4090543e+01
   4.9121280e-01   7.4445961e+01
   4.9221120e-01   7.4443288e+01
   4.9320960e-01   7.4419535e+01
   4.9420800e-01   7.4234426e+01
   4.9520640e-01   7.4055444e+01
   4.9620480e-01   7.3987234e+01
   4.9720320e-01   7.3700363e+01
   4.9820160e-01   7.3642441e+01
   4.9920000e-01   7.3447524e+01
   5.0019840e-01   7.3247459e+01
   5.0119680e-01   7.3296942e+01
   5.0219520e-01   7.3222108e+01
   5.0319360e-01   7.3275203e+01
   5.0419200e-01   7.3616644e+01
   5.0519040e-01   7.3678510e+01
   5.0618880e-01   7.3955543e+01
   5.0718720e-01   7.4012981e+01
   5.0818560e-01   7.4268910e+01
   5.0918400e-01   7.4278627e+01
   5.1018240e-01   7.4278708e+01
   5.1118080e-01   7.4251265e+01
   5.1217920e-01   7.3916557e+01
   5.1317760e-01   7.4105248e+01
   5.1417600e-01   7.3748159e+01
   5.1517440e-01   7.3708335e+01
   5.1617280e-01   7.3516558e+01
   5.1717120e-01   7.3457149e+01
   5.1816960e-01   7.3378821e+01
   5.1916800e-01   7.3322733e+01
   5.2016640e-01   7.3612104e+01
   5.2116480e-01   7.3779769e+01
   5.2216320e-01   7.3895479e+01
   5.2316160e-01   7.3934529e+01
   5.2416000e-01   7.4038288e+01
   5.2515840e-01   7.4214563e+01
   5.2615680e-01   7.4183646e+01
   5.2715520e-01   7.3996526e+01
   5.2815360e-01   7.3955555e+01
   5.2915200e-01   7.3663741e+01
   5.3015040e-01   7.3512097e+01
   5.3114880e-01   7.3530346e+01
   5.3214720e-01   7.3285759e+01
   5.3314560e-01   7.3446364e+01
   5.3414400e-01   7.3527245e+01
   5.3514240e-01   7.3856020e+01
   5.3614080e-01   7.3946796e+01
   5.3713920e-01   7.4290035e+01
   5.3813760e-01   7.4379244e+01
   5.3913600e-01   7.4342372e+01
   5.4013440e-01   7.4269701e+01
   5.4113280e-01   7.4152704e+01
   5.4213120e-01   7.4022289e+01
   5.4312960e-01   7.3813101e+01
   5.4412800e-01   7.3706720e+01
   5.4512640e-01   7.3449648e+01
   5.4612480e-01   7.3487208e+01
   5.4712320e-01   7.3208048e+01
   5.4812160e-01   7.3129900e+01
   5.4912000e-01   7.3146899e+01
   5.5011840e-01   7.3204581e+01
   5.5111680e-01   7.3513954e+01
   5.5211520e-01   7.3643291e+01
   5.5311360e-01   7.3750527e+01
   5.5411200e-01   7.4051541e+01
   5.5511040e-01   7.4110167e+01
   5.5610880e-01   7.4380123e+01
   5.5710720e-01   7.4523682e+01
   5.5810560e-01   7.4671144e+01
   5.5910400e-01   7.4698835e+01
   5.6010240e-01   7.4430602e+01
   5.6110080e-01   7.4347094e+01
   5.6209920e-01   7.4233107e+01
   5.6309760e-01   7.3943394e+01
   5.6409600e-01   7.3701385e+01
   5.6509440e-01   7.3145102e+01
   5.6609280e-01   7.3183185e+01
   5.6709120e-01   7.2807481e+01
   5.6808960e-01   7.2872417e+01
   5.6908800e-01   7.2928620e+01
   5.7008640e-01   7.3051509e+01
   5.7108480e-01   7.3404841e+01
   5.7208320e-01   7.3471156e+01
   5.7308160e-01   7.3698652e+01
   5.7408000e-01   7.3824077e+01
   5.7507840e-01   7.4040200e+01
   5.7607680e-01   7.4278827e+01
   5.7707520e-01   7.4301231e+01
   5.7807360e-01   7.4599235e+01
   5.7907200e-01   7.4728351e+01
   5.8007040e-01   7.4560528e+01
   5.8106880e-01   7.4474713e+01
   5.8206720e-01   7.4179475e+01
   5.8306560e-01   7.4087747e+01
   5.8406400e-01   7.4011480e+01
   5.8506240e-01   7.3653988e+01
   5.8606080e-01   7.3631833e+01
   5.8705920e-01   7.3313107e+01
   5.8805760e-01   7.3353015e+01
   5.8905600e-01   7.3111250e+01
   5.9005440e-01   7.2900461e+01
   5.9105280e-01   7.3181405e+01
   5.9205120e-01   7.3238979e+01
   5.9304960e-01   7.3502175e+01
   5.9404800e-01   7.3631881e+01
   5.9504640e-01   7.3808130e+01
   5.9604480e-01   7.4027612e+01
   5.9704320e-01   7.4114115e+01
   5.9804160e-01   7.4323837e+01
   5.9904000e-01   7.4495122e+01
   6.0003840e-01   7.4528031e+01
   6.0103680e-01   7.4589433e+01
   6.0203520e-01   7.4365990e+01
   6.0303360e-01   7.4146563e+01
   6.0403200e-01   7.4082837e+01
   6.0503040e-01   7.3875885e+01
   6.0602880e-01   7.3832977e+01
   6.0702720e-01   7.3528136e+01
   6.0802560e-01   7.3504980e+01
   6.0902400e-01   7.3445533e+01
   6.1002240e-01   7.3093609e+01
   6.1102080e-01   7.3338783e+01
   6.1201920e-01   7.3425661e+01
   6.1301760e-01   7.3711920e+01
   6.1401600e-01   7.3898725e+01
   6.1501440e-01   7.3973357e+01
   6.1601280e-01   7.4235580e+01
   6.1701120e-01   7.4372451e+01
   6.1800960e-01   7.4537889e+01
   6.1900800e-01   7.4474395e+01
   6.2000640e-01   7.4293898e+01
   6.2100480e-01   7.4200910e+01
   6.2200320e-01   7.3947416e+01
   6.2300160e-01   7.3879901e+01
   6.2400000e-01   7.3646738e+01
   6.2499840e-01   7.3502950e+01
   6.2599680e-01   7.3394236e+01
   6.2699520e-01   7.3246437e+01
   6.2799360e-01   7.3018162e+01
   6.2899200e-01   7.3128137e+01
   6.2999040e-01   7.3192572e+01
   6.3098880e-01   7.3479502e+01
   6.3198720e-01   7.3781869e+01
   6.3298560e-01   7.3777345e+01
   6.3398400e-01   7.4107260e+01
   6.3498240e-01   7.4255761e+01
   6.3598080e-01   7.4344873e+01
   6.3697920e-01   7.4431076e+01
   6.3797760e-01   7.4335710e+01
   6.3897600e-01   7.4288583e+01
   6.3997440e-01   7.4048045e+01
   6.4097280e-01   7.3916718e+01
   6.4197120e-01   7.3870494e+01
   6.4296960e-01   7.3477596e+01
   6.4396800e-01   7.3574554e+01
   6.4496640e-01   7.3280289e+01
   6.4596480e-01   7.3156714e+01
   6.4696320e-01   7.3296133e+01
   6.4796160e-01   7.3359837e+01
   6.4896000e-01   7.3557240e+01
   6.4995840e-01   7.3696031e+01
   6.5095680e-01   7.3970877e+01
   6.5195520e-01   7.4044446e+01
   6.5295360e-01   7.4385141e+01
   6.5395200e-01   7.4444107e+01
   6.5495040e-01   7.4519670e+01
   6.5594880e-01   7.4375417e+01
   6.5694720e-01   7.4223890e+01
   6.5794560e-01   7.4057862e+01
   6.5894400e-01   7.3952492e+01
   6.5994240e-01   7.3796672e+01
   6.6094080e-01   7.3606045e+01
   6.6193920e-01   7.3361623e+01
   6.6293760e-01   7.3203650e+01
   6.6393600e-01   7.3238814e+01
   6.6493440e-01   7.3082987e+01
   6.6593280e-01   7.3130440e+01
   6.6693120e-01   7.3267421e+01
   6.6792960e-01   7.3585120e+01
   6.6892800e-01   7.3702487e+01
   6.6992640e-01   7.3855088e+01
   6.7092480e-01   7.4068340e+01
   6.7192320e-01   7.4235714e+01
   6.7292160e-01   7.4414047e+01
   6.7392000e-01   7.4638528e+01
   6.7491840e-01   7.4655519e+01
   6.7591680e-01   7.4665172e+01
   6.7691520e-01   7.4422236e+01
   6.7791360e-01   7.4242891e+01
   6.7891200e-01   7.4203799e+01
   6.7991040e-01   7.3872002e+01
   6.8090880e-01   7.3812916e+01
   6.8190720e-01   7.3585114e+01
   6.8290560e-01   7.3421374e+01
   6.8390400e-01   7.3297249e+01
   6.8490240e-01   7.3129592e+01
   6.8590080e-01   7.3030187e+01
   6.8689920e-01   7.2767656e+01
   6.8789760e-01   7.3084430e+01
   6.8889600e-01   7.3158469e+01
   6.8989440e-01   7.3341115e+01
   6.9089280e-01   7.3573522e+01
   6.9189120e-01   7.3805875e+01
   6.9288960e-01   7.4223777e+01
   6.9388800e-01   7.4337770e+01
   6.9488640e-01   7.4516259e+01
   6.9588480e-01   7.4744945e+01
   6.9688320e-01   7.4699526e+01
   6.9788160e-01   7.4653456e+01
   6.9888000e-01   7.4483066e+01
   6.9987840e-01   7.4248245e+01
   7.0087680e-01   7.4139672e+01
   7.0187520e-01   7.3919758e+01
   7.0287360e-01   7.3639151e+01
   7.0387200e-01   7.3669966e+01
   7.0487040e-01   7.3429560e+01
   7.0586880e-01   7.3271161e+01
   7.0686720e-01   7.3000605e+01
   7.0786560e-01   7.2930855e+01
   7.0886400e-01   7.3012866e+01
   7.0986240e-01   7.3102661e+01
   7.1086080e-01   7.3457375e+01
   7.1185920e-01   7.3517019e+01
   7.1285760e-01   7.3772312e+01
   7.1385600e-01   7.4021185e+01
   7.1485440e-01   7.4144619e+01
   7.1585280e-01   7.4355750e+01
   7.1685120e-01   7.4472989e+01
   7.1784960e-01   7.4599631e+01
   7.1884800e-01   7.4362764e+01
   7.1984640e-01   7.4333049e+01
   7.2084480e-01   7.4127984e+01
   7.2184320e-01   7.3947720e+01
   7.2284160e-01   7.3785191e+01
   7.2384000e-01   7.3504068e+01
   7.2483840e-01   7.3466479e+01
   7.2583680e-01   7.3287092e+01
   7.2683520e-01   7.3182919e+01
   7.2783360e-01   7.3121386e+01
   7.2883200e-01   7.3117532e+01
   7.2983040e-01   7.3424195e+01
   7.3082880e-01   7.3587649e+01
   7.3182720e-01   7.3686975e+01
   7.3282560e-01   7.4013895e+01
   7.3382400e-01   7.4079830e+01
   7.3482240e-01   7.4319204e+01
   7.3582080e-01   7.4570218e+01
   7.3681920e-01   7.4538469e+01
   7.3781760e-01   7.4544319e+01
   7.3881600e-01   7.4359077e+01
   7.3981440e-01   7.4146997e+01
   7.4081280e-01   7.3968481e+01
   7.4181120e-01   7.3649013e+01
   7.4280960e-01   7.3678276e+01
   7.4380800e-01   7.3288197e+01
   7.4480640e-01   7.3234534e+01
   7.4580480e-01   7.3130710e+01
   7.4680320e-01   7.2938564e+01
   7.4780160e-01   7.3496596e+01
   7.4880000e-01   7.3409508e+01
   7.4979840e-01   7.3610052e+01
   7.5079680e-01   7.3992787e+01
   7.5179520e-01   7.3879394e+01
   7.5279360e-01   7.4477056e+01
   7.5379200e-01   7.4317110e+01
   7.5479040e-01   7.4553030e+01
   7.5578880e-01   7.4617397e+01
   7.5678720e-01   7.4275077e+01
   7.5778560e-01   7.4454595e+01
   7.5878400e-01   7.3907956e+01
   7.5978240e-01   7.3850577e+01
   7.6078080e-01   7.3694097e+01
   7.6177920e-01   7.3335805e+01
   7.6277760e-01   7.3409979e+01
   7.6377600e-01   7.3069968e+01
   7.6477440e-01   7.2996605e+01
   7.6577280e-01   7.3102687e+01
   7.6677120e-01   7.2918258e+01
   7.6776960e-01   7.3347147e+01
   7.6876800e-01   7.3270682e+01
   7.6976640e-01   7.3589152e+01
   7.7076480e-01   7.3783851e+01
   7.7176320e-01   7.3851987e+01
   7.7276160e-01   7.4245264e+01
   7.7376000e-01   7.4325577e+01
   7.7475840e-01   7.4656978e+01
   7.7575680e-01   7.4691535e+01
   7.7675520e-01   7.4543840e+01
   7.7775360e-01   7.4354665e+01
   7.7875200e-01   7.4223967e+01
   7.7975040e-01   7.3940732e+01
   7.8074880e-01   7.3853392e+01
   7.8174720e-01   7.3643896e+01
   7.8274560e-01   7.3490250e+01
   7.8374400e-01   7.3284288e+01
   7.8474240e-01   7.3174248e+01
   7.8574080e-01   7.3047737e+01
   7.8673920e-01   7.2949912e+01
   7.8773760e-01   7.3268375e+01
   7.8873600e-01   7.3364276e+01
   7.8973440e-01   7.3539241e+01
   7.9073280e-01   7.3757298e+01
   7.9173120e-01   7.3875707e+01
   7.9272960e-01   7.4165937e+01
   7.9372800e-01   7.4303480e+01
   7.9472640e-01   7.4566842e+01
   7.9572480e-01   7.4584514e+01
   7.9672320e-01   7.4446319e+01
   7.9772160e-01   7.4417788e+01
   7.9872000e-01   7.4108442e+01
   7.9971840e-01   7.4162674e+01
   8.0071680e-01   7.3793681e+01
   8.0171520e-01   7.3713090e+01
   8.0271360e-01   7.3561807e+01
   8.0371200e-01   7.3489208e+01
   8.0471040e-01   7.3232227e+01
   8.0570880e-01   7.3046096e+01
   8.0670720e-01   7.3130009e+01
   8.0770560e-01   7.3095229e+01
   8.0870400e-01   7.3474372e+01
   8.0970240e-01   7.3502208e+01
   8.1070080e-01   7.3746040e+01
   8.1169920e-01   7.3935824e+01
   8.1269760e-01   7.4079279e+01
   8.1369600e-01   7.4312748e+01
   8.1469440e-01   7.4468503e+01
   8.1569280e-01   7.4512988e+01
   8.1669120e-01   7.4324022e+01
   8.1768960e-01   7.4238947e+01
   8.1868800e-01   7.4013172e+01
   8.1968640e-01   7.3858016e+01
   8.2068480e-01   7.3823231e+01
   8.2168320e-01   7.3582515e+01
   8.2268160e-01   7.3443047e+01
   8.2368000e-01   7.3318784e+01
   8.2467840e-01   7.3162256e+01
   8.2567680e-01   7.3142570e+01
   8.2667520e-01   7.3293920e+01
   8.2767360e-01   7.3549324e+01
   8.2867200e-01   7.3754897e+01
   8.2967040e-01   7.3890403e+01
   8.3066880e-01   7.4094203e+01
   8.3166720e-01   7.4131219e+01
   8.3266560e-01   7.4340809e+01
   8.3366400e-01   7.4342843e+01
   8.3466240e-01   7.4295213e+01
   8.3566080e-01   7.4141618e+01
   8.3665920e-01   7.3823373e+01
   8.3765760e-01   7.3897474e+01
   8.3865600e-01   7.3606048e+01
   8.3965440e-01   7.3527021e+01
   8.4065280e-01   7.3414506e+01
   8.4165120e-01   7.3257732e+01
   8.4264960e-01   7.3426528e+01
   8.4364800e-01   7.3539739e+01
   8.4464640e-01   7.3668365e+01
   8.4564480e-01   7.3782991e+01
   8.4664320e-01   7.3922104e+01
   8.4764160e-01   7.4159765e+01
   8.4864000e-01   7.4317220e+01
   8.4963840e-01   7.4355205e+01
   8.5063680e-01   7.4205332e+01
   8.5163520e-01   7.4045805e+01
   8.5263360e-01   7.3908596e+01
   8.5363200e-01   7.3713422e+01
   8.5463040e-01   7.3588730e+01
   8.5562880e-01   7.3411262e+01
   8.5662720e-01   7.3248019e+01
   8.5762560e-01   7.3214525e+01
   8.5862400e-01   7.3270658e+01
   8.5962240e-01   7.3317763e+01
   8.6062080e-01   7.3582529e+01
   8.6161920e-01   7.3889629e+01
   8.6261760e-01   7.3933733e+01
   8.6361600e-01   7.4189405e+01
   8.6461440e-01   7.4359483e+01
   8.6561280e-01   7.4547566e+01
   8.6661120e-01   7.4444128e+01
   8.6760960e-01   7.4163912e+01
   8.6860800e-01   7.4118092e+01
   8.6960640e-01   7.3984431e+01
   8.7060480e-01   7.3887906e+01
   8.7160320e-01   7.3633586e+01
   8.7260160e-01   7.3570797e+01
   8.7360000e-01   7.3408838e+01
   8.7459840e-01   7.3187532e+01
   8.7559680e-01   7.3048789e+01
   8.7659520e-01   7.3134124e+01
   8.7759360e-01   7.3233066e+01
   8.7859200e-01   7.3424139e+01
   8.7959040e-01   7.3663956e+01
   8.8058880e-01   7.3811790e+01
   8.8158720e-01   7.4001900e+01
   8.8258560e-01   7.4124838e+01
   8.8358400e-01   7.4361592e+01
   8.8458240e-01   7.4348627e+01
   8.8558080e-01   7.4328359e+01
   8.8657920e-01   7.4162102e+01
   8.8757760e-01   7.3951711e+01
   8.8857600e-01   7.3761163e+01
   8.8957440e-01   7.3710120e+01
   8.9057280e-01   7.3540185e+01
   8.9157120e-01   7.3370967e+01
   8.9256960e-01   7.3184395e+01
   8.9356800e-01   7.3189601e+01
   8.9456640e-01   7.3305669e+01
   8.9556480e-01   7.3602377e+01
   8.9656320e-01   7.3732374e+01
   8.9756160e-01   7.4025778e+01
   8.9856000e-01   7.4031516e+01
   8.9955840e-01   7.4319010e+01
   9.0055680e-01   7.4251983e+01
   9.0155520e-01   7.4297355e+01
   9.0255360e-01   7.4126994e+01
   9.0355200e-01   7.3921841e+01
   9.0455040e-01   7.3825939e+01
   9.0554880e-01   7.3688575e+01
   9.0654720e-01   7.3469545e+01
   9.0754560e-01   7.3390329e+01
   9.0854400e-01   7.3076903e+01
   9.0954240e-01   7.3252622e+01
   9.1054080e-01   7.3152279e+01
   9.1153920e-01   7.3337378e+01
   9.1253760e-01   7.3726571e+01
   9.1353600e-01   7.3687204e+01
   9.1453440e-01   7.3975769e+01
   9.1553280e-01   7.4206217e+01
   9.1653120e-01   7.4302494e+01
   9.1752960e-01   7.4593087e+01
   9.1852800e-01   7.4366681e+01
   9.1952640e-01   7.4250778e+01
   9.2052480e-01   7.4130055e+01
   9.2152320e-01   7.3783014e+01
   9.2252160e-01   7.3985349e+01
   9.2352000e-01   7.3463342e+01
   9.2451840e-01   7.3488850e+01
   9.2551680e-01   7.3144795e+01
   9.2651520e-01   7.2969595e+01
   9.2751360e-01   7.3143658e+01
   9.2851200e-01   7.3053739e+01
   9.2951040e-01   7.3426794e+01
   9.3050880e-01   7.3533237e+01
   9.3150720e-01   7.3616857e+01
   9.3250560e-01   7.3929057e+01
   9.3350400e-01   7.3972039e+01
   9.3450240e-01   7.4280399e+01
   9.3550080e-01   7.4341278e+01
   9.3649920e-01   7.4340660e+01
   9.3749760e-01   7.4576415e+01
   9.3849600e-01   7.4323063e+01
   9.3949440e-01   7.4253808e+01
   9.4049280e-01   7.4106307e+01
   9.4149120e-01   7.3902045e+01
   9.4248960e-01   7.3824100e+01
   9.4348800e-01   7.3460881e+01
   9.4448640e-01   7.3502382e+01
   9.4548480e-01   7.3301466e+01
   9.4648320e-01   7.3104129e+01
   9.4748160e-01   7.3322688e+01
   9.4848000e-01   7.3152250e+01
   9.4947840e-01   7.3413458e+01
   9.5047680e-01   7.3494366e+01
   9.5147520e-01   7.3757903e+01
   9.5247360e-01   7.3838020e+01
   9.5347200e-01   7.4115543e+01
   9.5447040e-01   7.4217472e+01
   9.5546880e-01   7.4297552e+01
   9.5646720e-01   7.4184470e+01
   9.5746560e-01   7.4029816e+01
   9.5846400e-01   7.3945116e+01
   9.5946240e-01   7.3775202e+01
   9.6046080e-01   7.3647602e+01
   9.6145920e-01   7.3469888e+01
   9.6245760e-01   7.3463526e+01
   9.6345600e-01   7.3176075e+01
   9.6445440e-01   7.3356704e+01
   9.6545280e-01   7.3412260e+01
   9.6645120e-01   7.3555658e+01
   9.6744960e-01   7.3902823e+01
   9.6844800e-01   7.3875582e+01
   9.6944640e-01   7.4088879e+01
   9.7044480e-01   7.4174984e+01
   9.7144320e-01   7.4224407e+01
   9.7244160e-01   7.4082380e+01
   9.7344000e-01   7.3919678e+01
   9.7443840e-01   7.3807573e+01
   9.7543680e-01   7.3720255e+01
   9.7643520e-01   7.3415807e+01
   9.7743360e-01   7.3352416e+01
   9.7843200e-01   7.3272184e+01
   9.7943040e-01   7.3441835e+01
   9.8042880e-01   7.3558588e+01
   9.8142720e-01   7.3721666e+01
   9.8242560e-01   7.4030310e+01
   9.8342400e-01   7.4116382e+01
   9.8442240e-01   7.4379808e+01
   9.8542080e-01   7.4350383e+01
   9.8641920e-01   7.4414223e+01
   9.8741760e-01   7.4260599e+01
   9.8841600e-01   7.4228245e+01
   9.8941440e-01   7.3991218e+01
   9.9041280e-01   7.3836263e+01
   9.9141120e-01   7.3599940e+01
   9.9240960e-01   7.3428274e+01
   9.9340800e-01   7.3292889e+01
   9.9440640e-01   7.3181867e+01
   9.9540480e-01   7.3055258e+01
   9.9640320e-01   7.3020543e+01
   9.9740160e-01   7.3268629e+01
